[LEFT_CAM_2K]
fx=1067.03
fy=1067.09
cx=1084.81
cy=596.257
k1=-0.0674026
k2=0.0465453
p1=-0.000200221
p2=0.000551748
k3=-0.0186752

[RIGHT_CAM_2K]
fx=1065.31
fy=1065.54
cx=1115.62
cy=602.071
k1=-0.0685777
k2=0.0496943
p1=-0.00028304
p2=-2.55247e-05
k3=-0.0202288

[LEFT_CAM_FHD]
fx=1067.03
fy=1067.09
cx=940.81
cy=515.257
k1=-0.0674026
k2=0.0465453
p1=-0.000200221
p2=0.000551748
k3=-0.0186752

[RIGHT_CAM_FHD]
fx=1065.31
fy=1065.54
cx=971.62
cy=521.071
k1=-0.0685777
k2=0.0496943
p1=-0.00028304
p2=-2.55247e-05
k3=-0.0202288

[LEFT_CAM_HD]
fx=533.515
fy=533.545
cx=628.905
cy=346.1285
k1=-0.0674026
k2=0.0465453
p1=-0.000200221
p2=0.000551748
k3=-0.0186752

[RIGHT_CAM_HD]
fx=532.655
fy=532.77
cx=644.31
cy=349.0355
k1=-0.0685777
k2=0.0496943
p1=-0.00028304
p2=-2.55247e-05
k3=-0.0202288

[LEFT_CAM_VGA]
fx=266.7575
fy=266.7725
cx=329.9525
cy=180.56425
k1=-0.0674026
k2=0.0465453
p1=-0.000200221
p2=0.000551748
k3=-0.0186752

[RIGHT_CAM_VGA]
fx=266.3275
fy=266.385
cx=337.655
cy=182.01775
k1=-0.0685777
k2=0.0496943
p1=-0.00028304
p2=-2.55247e-05
k3=-0.0202288

[LEFT_DISTO]
k1=-1.51033
k2=3.08539
k3=0.104737
k4=-1.41592
k5=2.92309
k6=0.294986
p1=-0.000291024
p2=6.64468e-05

[RIGHT_DISTO]
k1=-1.579
k2=3.35086
k3=0.0113178
k4=-1.48761
k5=3.19648
k6=0.199025
p1=-0.000175159
p2=0.000163697

[STEREO]
Baseline=119.852
TY=-0.320181
TZ=0.340041
CV_2K=0.0052872
CV_FHD=0.0052872
CV_HD=0.0052872
CV_VGA=0.0052872
RX_2K=0.000657845
RX_FHD=0.000657845
RX_HD=0.000657845
RX_VGA=0.000657845
RZ_2K=0.0037462
RZ_FHD=0.0037462
RZ_HD=0.0037462
RZ_VGA=0.0037462

[MISC]
Sensor_ID=0
