[LEFT_CAM_2K]
fx=1071.86
fy=1072.01
cx=1097.79
cy=653.257
k1=-0.0524418
k2=0.0244707
p1=0.000288985
p2=-0.00038809
k3=-0.00969016

[RIGHT_CAM_2K]
fx=1070.2
fy=1070.27
cx=1120.35
cy=647.267
k1=-0.0478389
k2=0.0211392
p1=9.47611e-05
p2=-8.83807e-05
k3=-0.00880298

[LEFT_CAM_FHD]
fx=1071.86
fy=1072.01
cx=953.79
cy=572.257
k1=-0.0524418
k2=0.0244707
p1=0.000288985
p2=-0.00038809
k3=-0.00969016

[RIGHT_CAM_FHD]
fx=1070.2
fy=1070.27
cx=976.35
cy=566.267
k1=-0.0478389
k2=0.0211392
p1=9.47611e-05
p2=-8.83807e-05
k3=-0.00880298

[LEFT_CAM_HD]
fx=535.93
fy=536.005
cx=635.395
cy=374.6285
k1=-0.0524418
k2=0.0244707
p1=0.000288985
p2=-0.00038809
k3=-0.00969016

[RIGHT_CAM_HD]
fx=535.1
fy=535.135
cx=646.675
cy=371.6335
k1=-0.0478389
k2=0.0211392
p1=9.47611e-05
p2=-8.83807e-05
k3=-0.00880298

[LEFT_CAM_VGA]
fx=267.965
fy=268.0025
cx=333.1975
cy=194.81425
k1=-0.0524418
k2=0.0244707
p1=0.000288985
p2=-0.00038809
k3=-0.00969016

[RIGHT_CAM_VGA]
fx=267.55
fy=267.5675
cx=338.8375
cy=193.31675
k1=-0.0478389
k2=0.0211392
p1=9.47611e-05
p2=-8.83807e-05
k3=-0.00880298

[LEFT_DISTO]
k1=-0.545254
k2=2.35197
k3=0.163685
k4=-0.434129
k5=2.20449
k6=0.339973
p1=0.000337125
p2=-0.000238924

[RIGHT_DISTO]
k1=-1.0041
k2=2.83677
k3=0.068624
k4=-0.905473
k5=2.69125
k6=0.245865
p1=0.000144467
p2=-0.000278567

[STEREO]
Baseline=119.773
TY=-0.287517
TZ=0.720229
CV_2K=0.00679772
CV_FHD=0.00679772
CV_HD=0.00679772
CV_VGA=0.00679772
RX_2K=0.000824217
RX_FHD=0.000824217
RX_HD=0.000824217
RX_VGA=0.000824217
RZ_2K=0.00279913
RZ_FHD=0.00279913
RZ_HD=0.00279913
RZ_VGA=0.00279913

[MISC]
Sensor_ID=0
